194
0 0 1
1 1 0
2 1 2
3 2 1
4 2 3
5 3 2
6 3 4
7 4 3
8 4 5
9 5 4
10 5 6
11 6 5
12 6 7
13 7 6
14 8 9
15 9 8
16 9 10
17 10 9
18 10 11
19 11 10
20 11 12
21 12 11
22 12 13
23 13 12
24 13 14
25 14 13
26 14 15
27 15 14
28 16 17
29 17 16
30 17 18
31 18 17
32 18 19
33 19 18
34 19 20
35 20 19
36 20 21
37 21 20
38 21 22
39 22 21
40 22 23
41 23 22
42 24 25
43 25 24
44 25 26
45 26 25
46 26 27
47 27 26
48 27 28
49 28 27
50 28 29
51 29 28
52 29 30
53 30 29
54 30 31
55 31 30
56 32 33
57 33 32
58 33 34
59 34 33
60 34 35
61 35 34
62 35 36
63 36 35
64 36 37
65 37 36
66 37 38
67 38 37
68 38 39
69 39 38
70 40 41
71 41 40
72 41 42
73 42 41
74 42 43
75 43 42
76 43 44
77 44 43
78 44 45
79 45 44
80 45 46
81 46 45
82 46 47
83 47 46
84 48 49
85 49 48
86 49 50
87 50 49
88 50 51
89 51 50
90 51 52
91 52 51
92 52 53
93 53 52
94 53 54
95 54 53
96 54 55
97 55 54
98 0 8
99 8 0
100 1 9
101 9 1
102 2 10
103 10 2
104 3 11
105 11 3
106 4 12
107 12 4
108 5 13
109 13 5
110 6 14
111 14 6
112 7 15
113 15 7
114 8 16
115 16 8
116 9 17
117 17 9
118 10 18
119 18 10
120 11 19
121 19 11
122 12 20
123 20 12
124 13 21
125 21 13
126 14 22
127 22 14
128 15 23
129 23 15
130 16 24
131 24 16
132 17 25
133 25 17
134 18 26
135 26 18
136 19 27
137 27 19
138 20 28
139 28 20
140 21 29
141 29 21
142 22 30
143 30 22
144 23 31
145 31 23
146 24 32
147 32 24
148 25 33
149 33 25
150 26 34
151 34 26
152 27 35
153 35 27
154 28 36
155 36 28
156 29 37
157 37 29
158 30 38
159 38 30
160 31 39
161 39 31
162 32 40
163 40 32
164 33 41
165 41 33
166 34 42
167 42 34
168 35 43
169 43 35
170 36 44
171 44 36
172 37 45
173 45 37
174 38 46
175 46 38
176 39 47
177 47 39
178 40 48
179 48 40
180 41 49
181 49 41
182 42 50
183 50 42
184 43 51
185 51 43
186 44 52
187 52 44
188 45 53
189 53 45
190 46 54
191 54 46
192 47 55
193 55 47