63
0 0.0 0.0
1 0.2 0.0
2 0.4 0.0
3 0.6000000000000001 0.0
4 0.8 0.0
5 1.0 0.0
6 1.2000000000000002 0.0
7 1.4000000000000001 0.0
8 1.6 0.0
9 0.0 0.2
10 0.2 0.2
11 0.4 0.2
12 0.6000000000000001 0.2
13 0.8 0.2
14 1.0 0.2
15 1.2000000000000002 0.2
16 1.4000000000000001 0.2
17 1.6 0.2
18 0.0 0.4
19 0.2 0.4
20 0.4 0.4
21 0.6000000000000001 0.4
22 0.8 0.4
23 1.0 0.4
24 1.2000000000000002 0.4
25 1.4000000000000001 0.4
26 1.6 0.4
27 0.0 0.6000000000000001
28 0.2 0.6000000000000001
29 0.4 0.6000000000000001
30 0.6000000000000001 0.6000000000000001
31 0.8 0.6000000000000001
32 1.0 0.6000000000000001
33 1.2000000000000002 0.6000000000000001
34 1.4000000000000001 0.6000000000000001
35 1.6 0.6000000000000001
36 0.0 0.8
37 0.2 0.8
38 0.4 0.8
39 0.6000000000000001 0.8
40 0.8 0.8
41 1.0 0.8
42 1.2000000000000002 0.8
43 1.4000000000000001 0.8
44 1.6 0.8
45 0.0 1.0
46 0.2 1.0
47 0.4 1.0
48 0.6000000000000001 1.0
49 0.8 1.0
50 1.0 1.0
51 1.2000000000000002 1.0
52 1.4000000000000001 1.0
53 1.6 1.0
54 0.0 1.2000000000000002
55 0.2 1.2000000000000002
56 0.4 1.2000000000000002
57 0.6000000000000001 1.2000000000000002
58 0.8 1.2000000000000002
59 1.0 1.2000000000000002
60 1.2000000000000002 1.2000000000000002
61 1.4000000000000001 1.2000000000000002
62 1.6 1.2000000000000002
